            1        -5.99        -2.99        -2.69        -5.43        -2.59            0            0            0            0            0            0            0
            0         -590         -170         -140         -310         -150            1            0            0            0            0            0        -2000
            0          -46          -10          -18          -30          -39            0            1            0            0            0            0         -275
            0          -25           -9           -2          -17            0            0            0            1            0            0            0          -50
            0           34           10            8           13            0            0            0            0            1            0            0           78
            0           85           25            0          250            0            0            0            0            0            1            0          300
            0         1050          330          310          770           40            0            0            0            0            0            1         2300

Pre-tableau complete
            1        -5.99        -2.99        -2.69        -5.43        -2.59            0            0            0            0            0            0            0
            0         -590         -170         -140         -310         -150            1            0            0            0            0            0        -2000
            0          -46          -10          -18          -30          -39            0            1            0            0            0            0         -275
            0          -25           -9           -2          -17            0            0            0            1            0            0            0          -50
            0           34           10            8           13            0            0            0            0            1            0            0           78
            0           85           25            0          250            0            0            0            0            0            1            0          300
            0         1050          330          310          770           40            0            0            0            0            0            1         2300

Initial tableau complete
x_b complete

loop_no =

     0

            1            0      -1.2641      -1.2686      -2.2827      -1.0671    -0.010153            0            0            0            0            0       20.305
            0            1      0.28814      0.23729      0.52542      0.25424   -0.0016949            0            0            0            0            0       3.3898
            0            0       3.2542      -7.0847      -5.8305      -27.305    -0.077966            1            0            0            0            0      -119.07
            0            0      -1.7966       3.9322      -3.8644       6.3559    -0.042373            0            1            0            0            0       34.746
            0            0      0.20339    -0.067797      -4.8644      -8.6441     0.057627            0            0            1            0            0      -37.254
            0            0      0.50847      -20.169       205.34       -21.61      0.14407            0            0            0            1            0       11.864
            0            0       27.458       60.847       218.31      -226.95       1.7797            0            0            0            0            1      -1259.3


loop_no =

     1

            1            0      -1.3932      -1.5547      -3.3092            0    -0.018521            0            0            0            0    -0.004702       26.226
            0            1      0.31889      0.30545      0.76998            0   0.00029873            0            0            0            0    0.0011202       1.9791
            0            0    -0.049291      -14.406      -32.096            0     -0.29208            1            0            0            0     -0.12031       32.446
            0            0      -1.0276       5.6363       2.2494            0    0.0074683            0            1            0            0     0.028006     -0.52278
            0            0     -0.84242      -2.3854      -13.179            0    -0.010157            0            0            1            0    -0.038088       10.711
            0            0       -2.106      -25.963       184.55            0    -0.025392            0            0            0            1     -0.09522       131.78
            0            0     -0.12099     -0.26811     -0.96191            1   -0.0078417            0            0            0            0   -0.0044063       5.5489


loop_no =

     2

            1            0            0      -9.1959      -6.3588            0    -0.028645            0      -1.3557            0            0     -0.04267       26.935
            0            1            0       2.0545        1.468            0    0.0026163            0      0.31032            0            0     0.009811       1.8169
            0            0            0      -14.676      -32.203            0     -0.29244            1    -0.047965            0            0     -0.12166       32.471
            0            0            1      -5.4847       -2.189            0   -0.0072674            0     -0.97311            0            0    -0.027253      0.50872
            0            0            0      -7.0058      -15.023            0    -0.016279            0     -0.81977            1            0    -0.061047        11.14
            0            0            0      -37.515       179.94            0    -0.040698            0      -2.0494            0            1     -0.15262       132.85
            0            0            0     -0.93169      -1.2267            1   -0.0087209            0     -0.11773            0            0   -0.0077035       5.6105


loop_no =

     3

Simplex calculations complete
       26.935

       1.8169
      0.50872
            0
            0
       5.6105
            0
       32.471
            0
        11.14
       132.85
            0

