  Columns 1 through 13

            1      -0.3382      0.66934     -0.66404      -2.6102      0.64146     -0.93229      0.57777      0.90843       1.1228     -0.57537      -3.8425     -0.17965
            0     0.033244     -0.77655      0.31576      0.11058       1.4897      0.94862        0.654       0.6776      0.19011      -1.1315      -4.3613      0.25052
            0       0.8737     -0.49077       2.3131     -0.32708     -0.62939      -0.1245     -0.84495      0.91665     -0.43479      0.34532       4.3382      -3.4909
            0     -0.19001      0.55038       1.0471       1.3529     -0.59395       2.0999     -0.80512      0.48075      -1.4742      0.52339       3.1366      -1.6822
            0      -1.1754     0.018332      0.22496     -0.42774     -0.62869      0.26028     -0.49075      -1.5071      0.39323        1.044        1.973      -1.3371
            0     -0.19835      0.16492      -1.0979     -0.57937      0.35625     -0.54548      -1.0057     -0.75989     -0.84408       1.2599      0.82415     0.065207
            0    -0.073768       1.1843      -1.2259      0.92597       1.3051      0.10043       2.6914       1.0598     -0.50283      -1.1059      -4.3746       1.5001
            0       0.6124       1.0659     -0.53002    0.0055104      0.36567      -0.7329      0.37153     -0.19808      -1.3392     0.061373       2.9656       1.5516
            0      -1.2104    0.0035925      -3.7422     -0.63449      0.77208      -1.5242     -0.65313       0.2592     -0.60296       1.2307      -7.3973      0.21024
            0      -1.8431     -0.53167      0.41739      0.85833       1.2553      0.34978      0.42432      0.55492      0.43953      0.54511      -7.6037      -3.3865
            0      0.45884      -1.1938       1.2435     -0.48078     -0.12833      0.23286       1.2295      -1.0214       1.5715          1.4       2.4131      -4.0188

  Columns 14 through 22

      -1.4352      0.33315      0.58882      -6.0996      -4.1204       0.3737      -2.7839     -0.66943            0
      -1.1825       5.4006       -4.378       1.3495      0.23291       2.9012       1.3313      0.17983      0.24441
       5.8259     -0.31662       1.7169       5.6368      -0.1345       1.2859      -1.0801       -1.717      -1.8916
       5.1527        1.122      -1.4474       6.1182      -1.5353        0.369      -2.9393      -2.5271     0.080094
     -0.77377      -4.5461       1.3718      -3.3281      -2.1868      0.67302      -3.4276      -3.3501    -0.045378
       -1.275      -2.0353      0.88093      -2.7452      -3.6102      -3.4176       1.2715     -0.36429      0.10125
      -3.0723       2.6211     0.070608     -0.92026       4.3057       1.2364       2.6787       2.7077      0.78252
     -0.82305      0.18764       2.1514     -0.31931      0.97429      -2.2422       1.5452        1.839      -1.2525
      -3.4457      -4.6043      0.42804      -6.4384      -4.9541      -4.9473       5.9047       1.7934        3.461
     -0.61673      -1.2443      -2.6296     -0.85654     -0.41424       3.5086      0.22075      -4.5317       3.6847
      -2.3365      -2.8522       3.9416      -1.8094       2.2056       2.0232      -1.1902      -1.9229     -0.42806

Pre-tableau complete
  Columns 1 through 13

            1            0            0            0            0            0            0            0            0            0            0     -0.86313      -0.3807
            0            1            0            0            0            0            0            0            0            0            0       1.8274       1.0365
            0            0            1            0            0            0            0            0            0            0            0      0.87276       1.3563
            0            0            0            1            0            0            0            0            0            0            0       1.2197     -0.91826
            0            0            0            0            1            0            0            0            0            0            0      -0.9802      0.60462
            0            0            0            0            0            1            0            0            0            0            0      -1.8282      0.61424
            0            0            0            0            0            0            1            0            0            0            0      0.32694    -0.032075
            0            0            0            0            0            0            0            1            0            0            0      0.34433      -1.0519
            0            0            0            0            0            0            0            0            1            0            0      -1.7003      -1.1045
            0            0            0            0            0            0            0            0            0            1            0      -1.4859      0.74052
            0            0            0            0            0            0            0            0            0            0            1      0.35206      -1.6821

  Columns 14 through 22

     -0.74896      -0.1567    -0.058124     -0.33971     -0.81718     -0.37755      -0.9726     -0.60532       3.7186
     -0.29493       2.0424      0.28867      0.91899      0.82079      -1.5688      0.58282       1.6021     -0.82025
      0.14048       1.0541    -0.068164     -0.86259    -0.079534     -0.94734      -2.0883     -0.49352      -1.0235
        1.093    -0.016916      0.28837        1.075      0.57639       1.3122       -1.175      -1.3475     -0.60516
     -0.35915      0.47917     -0.80508       1.1104       1.7375     -0.41514      0.73632      0.15876       1.7605
      -1.3925       2.4027       -1.827     -0.77376     -0.42636     -0.15018      0.44687     -0.56015      0.14765
      0.34804       1.4006      -1.0724      0.53989      -1.0958      0.30004      -1.2768     -0.35871     -0.54935
     -0.71966      -1.3284       1.8749     -0.37074       1.5623       1.1768      0.53702      0.41016     -0.12786
       1.7775      0.18471     -0.12973       1.2508      -0.4374       0.1524      0.46947    -0.054833      0.24533
     -0.86794       1.0649     -0.95153      -1.2621      0.31828     -0.25849      -1.1843     -0.38144      0.27607
        0.171      -1.5348       1.4679     -0.40853     -0.58196     -0.85247    -0.071777      -1.0317      0.31872

Initial tableau complete
x_b complete

loop_no =

     0

  Columns 1 through 13

            1            0     -0.39382            0            0            0            0            0            0            0            0      -1.2068     -0.91485
            0            1       1.0654            0            0            0            0            0            0            0            0       2.7572       2.4815
            0            0      -1.1593            0            0            0            0            0            0            0            0      -1.0118      -1.5724
            0            0       1.2462            1            0            0            0            0            0            0            0       2.3073      0.77199
            0            0       1.2873            0            1            0            0            0            0            0            0      0.14328       2.3506
            0            0     -0.89701            0            0            1            0            0            0            0            0      -2.6111     -0.60242
            0            0      0.62589            0            0            0            1            0            0            0            0      0.87319      0.81684
            0            0      -0.4298            0            0            0            0            1            0            0            0     -0.03078      -1.6348
            0            0         1.45            0            0            0            0            0            1            0            0     -0.43472      0.86229
            0            0      -1.4631            0            0            0            0            0            0            1            0      -2.7628       -1.244
            0            0     -0.47361            0            0            0            0            0            0            0            1    -0.061285      -2.3244

  Columns 14 through 22

     -0.80428     -0.57183     -0.03128            0     -0.78585    -0.004468     -0.15019     -0.41096       4.1217
     -0.14527       3.1654      0.21605            0      0.73606      -2.5781       -1.642       1.0763      -1.9107
     -0.16285       -1.222     0.079022            1     0.092203       1.0982        2.421      0.57214       1.1865
        1.268       1.2967      0.20343            0      0.47728      0.13168      -3.7774      -1.9626      -1.8806
     -0.17832       1.8361     -0.89282            0       1.6352      -1.6346      -1.9519     -0.47654      0.44298
      -1.5185       1.4572      -1.7658            0     -0.35502      0.69959       2.3201     -0.11746       1.0658
      0.43596       2.0604      -1.1151            0      -1.1456     -0.29289      -2.5839     -0.66759        -1.19
     -0.78004      -1.7815       1.9042            0       1.5965        1.584       1.4346      0.62228      0.31204
       1.9812       1.7132     -0.22857            0     -0.55273      -1.2213      -2.5587     -0.77046      -1.2388
      -1.0735     -0.47742      -0.8518            0      0.43465       1.1276       1.8711      0.34063       1.7736
      0.10447      -2.0341       1.5001            0     -0.54429      -0.4038      0.91727     -0.79799      0.80346


loop_no =

     1

  Columns 1 through 13

            1   -0.0017331     -0.39567            0            0            0            0            0            0            0            0      -1.2116     -0.91915
            0     -0.38789     -0.41325            0            0            0            0            0            0            0            0      -1.0695     -0.96253
            0      0.42599     -0.70545            0            0            0            0            0            0            0            0      0.16279     -0.51531
            0     0.051078       1.3006            1            0            0            0            0            0            0            0       2.4481      0.89874
            0     -0.63405      0.61177            0            1            0            0            0            0            0            0       -1.605      0.77724
            0      0.27136     -0.60791            0            0            1            0            0            0            0            0      -1.8629      0.07096
            0     -0.11361      0.50485            0            0            0            1            0            0            0            0      0.55995      0.53493
            0      0.61441      0.22478            0            0            0            0            1            0            0            0       1.6633     -0.11019
            0     -0.47372      0.94536            0            0            0            0            0            1            0            0      -1.7409     -0.31324
            0      0.43737     -0.99714            0            0            0            0            0            0            1            0      -1.5569     -0.15864
            0     -0.15663     -0.64048            0            0            0            0            0            0            0            1     -0.49315      -2.7131

  Columns 14 through 22

     -0.80403     -0.57731    -0.031654            0     -0.78713            0     -0.14734     -0.41283        4.125
     0.056349      -1.2278    -0.083804            0     -0.28551            1      0.63692     -0.41749      0.74113
     -0.22474      0.12644      0.17106            1      0.40576            0       1.7215       1.0306      0.37261
       1.2606       1.4584      0.21446            0      0.51488            0      -3.8613      -1.9076      -1.9782
     -0.08621     -0.17095      -1.0298            0       1.1685            0     -0.91078       -1.159       1.6544
      -1.5579       2.3162      -1.7072            0     -0.15528            0       1.8745      0.17461      0.54727
      0.45247       1.7008      -1.1396            0      -1.2292            0      -2.3973     -0.78987     -0.97289
     -0.86929      0.16341       2.0369            0       2.0487            0       0.4257       1.2836     -0.86189
         2.05      0.21369     -0.33092            0     -0.90141            0      -1.7808      -1.2803     -0.33368
       -1.137      0.90704     -0.75731            0      0.75658            0       1.1529      0.81137      0.93791
      0.12723      -2.5299       1.4663            0     -0.65958            0       1.1745     -0.96657       1.1027


loop_no =

     2

  Columns 1 through 13

            1   -0.0036822      -0.4453    -0.038159            0            0            0            0            0            0            0       -1.305     -0.95345
            0     -0.37946     -0.19871      0.16495            0            0            0            0            0            0            0     -0.66568     -0.81428
            0      0.44877      -0.1256      0.44583            0            0            0            0            0            0            0       1.2542     -0.11463
            0    -0.013228     -0.33683     -0.25898            0            0            0            0            0            0            0     -0.63402     -0.23276
            0      -0.6461      0.30499     -0.23588            1            0            0            0            0            0            0      -2.1824      0.56524
            0      0.29616     0.023492      0.48547            0            1            0            0            0            0            0     -0.67436      0.50727
            0     -0.14532     -0.30265     -0.62087            0            0            1            0            0            0            0     -0.96001    -0.023071
            0      0.62004      0.36817      0.11025            0            0            0            1            0            0            0       1.9332    -0.011108
            0     -0.49728      0.34552      -0.4612            0            0            0            0            1            0            0        -2.87     -0.72774
            0      0.45262     -0.60879      0.29859            0            0            0            0            0            1            0     -0.82589      0.10971
            0     -0.14109     -0.24489      0.30416            0            0            0            0            0            0            1      0.25148      -2.4398

  Columns 14 through 22

     -0.85213     -0.63296    -0.039838            0     -0.80678            0            0     -0.34003       4.2005
      0.26429     -0.98727    -0.048428            0     -0.20058            1            0     -0.73214      0.41482
      0.33728      0.77663      0.26667            1      0.63531            0            0      0.18017     -0.50935
     -0.32647      -0.3777    -0.055542            0     -0.13334            0            1      0.49403      0.51233
     -0.38356     -0.51495      -1.0804            0        1.047            0            0     -0.70902       2.1211
     -0.94593       3.0242      -1.6031            0     0.094679            0            0     -0.75147      -0.4131
      -0.3302      0.79532      -1.2728            0      -1.5489            0            0      0.39449      0.25534
     -0.73031       0.3242       2.0606            0       2.1055            0            0       1.0733        -1.08
       1.4686     -0.45892     -0.42983            0      -1.1389            0            0     -0.40055      0.57868
      -0.7606       1.3425     -0.69327            0      0.91032            0            0      0.24178      0.34722
      0.51066      -2.0863       1.5315            0     -0.50298            0            0      -1.5468      0.50102


loop_no =

     3

  Columns 1 through 13

            1     -0.72714     -0.87487      -0.1668            0            0            0      -1.1668            0            0            0      -3.5607     -0.94049
            0     -0.15508    -0.065479      0.20485            0            0            0      0.36188            0            0            0     0.033903      -0.8183
            0      0.73512     0.044429      0.49675            0            0            0      0.46183            0            0            0        2.147     -0.11976
            0     -0.29041     -0.50142     -0.30827            0            0            0     -0.44703            0            0            0      -1.4982     -0.22779
            0     -0.97174      0.11163     -0.29378            1            0            0      -0.5252            0            0            0      -3.1977      0.57108
            0     -0.50694     -0.45337      0.34267            0            1            0      -1.2952            0            0            0      -3.1783      0.52166
            0     -0.42566     -0.46911     -0.67072            0            0            1     -0.45214            0            0            0      -1.8341    -0.018048
            0       -0.849     -0.50412     -0.15096            0            0            0      -1.3693            0            0            0      -2.6471      0.01521
            0      0.74957       1.0859      -0.2395            0            0            0       2.0109            1            0            0       1.0175     -0.75007
            0     -0.19313     -0.99223      0.18377            0            0            0      -1.0415            0            1            0      -2.8393      0.12128
            0      0.29246     0.012549      0.38125            0            0            0      0.69923            0            0            1       1.6032      -2.4475

  Columns 14 through 22

            0      -1.0112      -2.4441            0      -3.2634            0            0      -1.5923       5.4606
            0     -0.86995      0.69726            0      0.56135            1            0     -0.34375     0.023986
            0      0.92635       1.2183            1       1.6077            0            0      0.67584      -1.0081
            0     -0.52262     -0.97669            0      -1.0746            0            1     0.014248      0.99512
            0     -0.68522      -2.1626            0    -0.058767            0            0      -1.2727       2.6883
            0       2.6043       -4.272            0      -2.6324            0            0      -2.1416      0.98575
            0      0.64873      -2.2045            0      -2.5009            0            0    -0.090773      0.74365
            1     -0.44392      -2.8215            0       -2.883            0            0      -1.4696       1.4788
            0      0.19302       3.7138            0       3.0951            0            0       1.7577      -1.5931
            0       1.0049      -2.8393            0      -1.2825            0            0     -0.87599        1.472
            0      -1.8596       2.9724            0      0.96924            0            0     -0.79633     -0.25414


loop_no =

     4

  Columns 1 through 13

            1      -1.2492      -1.6311            0            0            0            0      -2.5673     -0.69645            0            0      -4.2694      -0.4181
            0      0.48604      0.86329            0            0            0            0       2.0819      0.85532            0            0      0.90423      -1.4599
            0       2.2898       2.2967            0            0            0            0       4.6327       2.0741            0            0       4.2576      -1.6755
            0      -1.2552      -1.8991            0            0            0            0      -3.0354      -1.2871            0            0      -2.8079      0.73766
            0      -1.8912      -1.2203            0            1            0            0      -2.9919      -1.2266            0            0      -4.4459       1.4912
            0      0.56554       1.1003            0            0            1            0        1.582       1.4308            0            0      -1.7224     -0.55154
            0      -2.5249      -3.5101            0            0            0            1      -6.0838      -2.8005            0            0      -4.6837       2.0825
            0      -1.3215      -1.1886            0            0            0            0      -2.6368     -0.63032            0            0      -3.2885        0.488
            0      -3.1298       -4.534            1            0            0            0      -8.3964      -4.1754            0            0      -4.2487       3.1319
            0      0.38203     -0.15902            0            0            0            0      0.50155      0.76732            1            0      -2.0585     -0.45426
            0       1.4857       1.7411            0            0            0            0       3.9004       1.5919            0            1        3.223      -3.6416

  Columns 14 through 22

            0      -1.1457      -5.0306            0       -5.419            0            0      -2.8165       6.5701
            0     -0.70486       3.8738            0       3.2086            1            0       1.1596      -1.3386
            0       1.3267       8.9213            1       8.0272            0            0       4.3215      -4.3124
            0     -0.77107      -5.7569            0      -5.0584            0            1      -2.2481       3.0457
            0     -0.92199      -6.7182            0      -3.8553            0            0      -3.4288       4.6424
            0       2.8804       1.0417            0        1.796            0            0       0.3733      -1.2937
            0      0.10817      -12.605            0      -11.169            0            0      -5.0132       5.2052
            1     -0.56558      -5.1624            0      -4.8339            0            0      -2.5775        2.483
            0     -0.80594      -15.507            0      -12.923            0            0      -7.3391       6.6519
            0        1.153     0.010395            0       1.0924            0            0      0.47272      0.24958
            0      -1.5523       8.8844            0       5.8962            0            0       2.0017      -2.7902


loop_no =

     5

  Columns 1 through 13

            1      -1.8206      -2.2042            0            0            0            0      -3.7234       -1.214            0            0      -5.3318            0
            0      -1.5091      -1.1378            0            0            0            0      -1.9546     -0.95186            0            0      -2.8054            0
            0      -1.3667      -1.3707            0            0            0            0       -2.765      -1.2379            0            0      -2.5411            1
            0     -0.24709     -0.88796            0            0            0            0     -0.99577     -0.37399            0            0     -0.93351            0
            0      0.14669      0.82362            0            1            0            0       1.1311      0.61927            0            0     -0.65676            0
            0     -0.18822      0.34428            0            0            1            0     0.056979      0.74804            0            0      -3.1239            0
            0      0.32126     -0.65551            0            0            0            1     -0.32556     -0.22251            0            0      0.60814            0
            0     -0.65455     -0.51966            0            0            0            0      -1.2875    -0.026224            0            0      -2.0484            0
            0       1.1504     -0.24102            1            0            0            0      0.26313     -0.29843            0            0       3.7096            0
            0     -0.23879     -0.78169            0            0            0            0     -0.75449      0.20498            1            0      -3.2128            0
            0       -3.491      -3.2505            0            0            0            0      -6.1685       -2.916            0            1      -6.0304            0

  Columns 14 through 22

            0      -1.4767      -7.2568     -0.24954      -7.4221            0            0      -3.8948       7.6462
            0      -1.8608      -3.8993      -0.8713      -3.7855            1            0      -2.6057       2.4188
            0     -0.79183      -5.3245     -0.59684       -4.791            0            0      -2.5792       2.5738
            0     -0.18697      -1.8292      0.44026      -1.5243            0            1     -0.34556       1.1471
            0      0.25874       1.2215      0.88997       3.2887            0            0      0.41727      0.80451
            0       2.4437       -1.895     -0.32918      -0.8464            0            0      -1.0492       0.1259
            0       1.7572      -1.5165       1.2429      -1.1913            0            0      0.35815     -0.15491
            1     -0.17917      -2.5641      0.29126      -2.4959            0            0      -1.3188        1.227
            0       1.6739       1.1689       1.8692       2.0814            0            0      0.73873       -1.409
            0      0.79327      -2.4084     -0.27112      -1.0839            0            0     -0.69893       1.4188
            0      -4.4358      -10.505      -2.1734       -11.55            0            0      -7.3907       6.5825


loop_no =

     6

  Columns 1 through 13

            1      -6.5003      -1.2238       -4.068            0            0            0      -4.7938            0            0            0      -20.422            0
            0      -5.1783     -0.36907      -3.1895            0            0            0      -2.7939            0            0            0      -14.637            0
            0      -6.1385       -0.371       -4.148            0            0            0      -3.8565            0            0            0      -17.929            1
            0      -1.6887     -0.58593      -1.2532            0            0            0      -1.3255            0            0            0      -5.5822            0
            0       2.5338       0.3235       2.0751            1            0            0       1.6771            0            0            0       7.0409            0
            0       2.6953     -0.25984       2.5065            0            1            0      0.71652            0            0            0       6.1743            0
            0     -0.53645     -0.47581     -0.74558            0            0            1     -0.52174            0            0            0      -2.1577            0
            0     -0.75564     -0.49848    -0.087872            0            0            0      -1.3106            0            0            0      -2.3744            0
            0      -3.8548       0.8076      -3.3508            0            0            0      -0.8817            1            0            0       -12.43            0
            0      0.55136     -0.94723      0.68685            0            0            0     -0.57375            0            1            0     -0.66484            0
            0      -14.732     -0.89547      -9.7711            0            0            0      -8.7395            0            0            1      -42.277            0

  Columns 14 through 22

            0      -8.2863      -12.012      -7.8534      -15.889            0            0      -6.8999       13.378
            0      -7.1999      -7.6276      -6.8331      -10.424            1            0      -4.9618       6.9126
            0      -7.7354      -10.173      -8.3504      -13.425            0            0      -5.6435       8.4182
            0      -2.2847      -3.2941      -1.9022      -4.1326            0            1      -1.2713       2.9127
            0       3.7323       3.6472       4.7687       7.6078            0            0       1.9502      -2.1192
            0       6.6395        1.035       4.3561       4.3707            0            0      0.80239      -3.4057
            0      0.50912      -2.3881     -0.15071      -2.7432            0            0     -0.19263      0.89558
            1     -0.32627      -2.6668      0.12701      -2.6788            0            0      -1.3838       1.3508
            0      -5.6091      -3.9169      -6.2634      -6.9744            0            0      -2.4753       4.7211
            0        1.943      -1.6055       1.0128       0.3457            0            0     -0.19153      0.45103
            0      -20.792      -21.927      -20.438      -31.888            0            0      -14.609        20.35


loop_no =

     7

  Columns 1 through 13

            1      -19.195            0      -15.873            0      -4.7098            0      -8.1684            0            0            0      -49.502            0
            0      -9.0065            0      -6.7497            0      -1.4204            0      -3.8116            0            0            0      -23.407            0
            0      -9.9868            0      -7.7268            0      -1.4278            0      -4.8795            0            0            0      -26.744            1
            0      -7.7665            0      -6.9053            0       -2.255            0      -2.9412            0            0            0      -19.505            0
            0       5.8895            0       5.1957            1        1.245            0       2.5692            0            0            0       14.728            0
            0      -10.373            1      -9.6465            0      -3.8485            0      -2.7576            0            0            0      -23.762            0
            0       -5.472            0      -5.3355            0      -1.8312            1      -1.8338            0            0            0      -13.464            0
            0      -5.9263            0      -4.8964            0      -1.9184            0      -2.6852            0            0            0      -14.219            0
            0       4.5224            0       4.4397            0       3.1081            0       1.3453            1            0            0       6.7601            0
            0      -9.2742            0      -8.4506            0      -3.6455            0      -3.1858            0            1            0      -23.173            0
            0       -24.02            0      -18.409            0      -3.4463            0      -11.209            0            0            1      -63.556            0

  Columns 14 through 22

            0      -39.557      -16.887       -28.37      -36.474            0            0      -10.679       29.418
            0       -16.63      -9.0977       -13.02      -16.632            1            0      -6.1015        11.75
            0      -17.215      -11.651       -14.57      -19.665            0            0      -6.7891       13.281
            0      -17.257       -5.628      -11.725      -13.988            0            1      -3.0807       10.592
            0       11.999       4.9357       10.192       13.049            0            0       2.9492      -6.3593
            0      -25.552      -3.9832      -16.764      -16.821            0            0       -3.088       13.107
            0      -11.649      -4.2833      -8.1274      -10.747            0            0      -1.6619        7.132
            1      -13.064      -4.6523      -8.2297      -11.064            0            0      -2.9231       7.8843
            0       15.027     -0.70007       7.2756       6.6101            0            0     0.018564       -5.864
            0      -22.261      -5.3785      -14.867      -15.588            0            0      -3.1166       12.866
            0      -43.674      -25.494       -35.45      -46.951            0            0      -17.374       32.086


loop_no =

     8

Program is unbounded
Simplex calculations complete
   NaN

   NaN

