     1    87  -182   139   -72    72   -35    89    41     4    -6    -8   -10     0
     0     8   -16    13    -5    -3    -4     1    -2     1     0     0     0    -7
     0     2    -3     3    -1    -9    -1    -8    -4     0     1     0     0    -8
     0     0    -3     1     0    -5     5    -1     2     0     0     1     0    -1
     0    -7    16   -12     5     1    -2    -3    -5     0     0     0     1    -3

Pre-tableau complete
     1    -3     0    -7    -8     0    -5    -1    -9     0     0     0     0   -58
     0     8   -16    13    -5    -3    -4     1    -2     1     0     0     0    -7
     0     2    -3     3    -1    -9    -1    -8    -4     0     1     0     0    -8
     0     0    -3     1     0    -5     5    -1     2     0     0     1     0    -1
     0    -7    16   -12     5     1    -2    -3    -5     0     0     0     1    -3

Initial tableau complete
x_b complete

loop_no =

     0

  Columns 1 through 13

            1           -3            0           -7           -8            0           -5           -1           -9            0            0            0            0
            0       7.3333          -15           12      -4.6667            0      -3.6667       3.6667     -0.66667            1     -0.33333            0            0
            0     -0.22222      0.33333     -0.33333      0.11111            1      0.11111      0.88889      0.44444            0     -0.11111            0            0
            0      -1.1111      -1.3333     -0.66667      0.55556            0       5.5556       3.4444       4.2222            0     -0.55556            1            0
            0      -6.7778       15.667      -11.667       4.8889            0      -2.1111      -3.8889      -5.4444            0      0.11111            0            1

  Column 14

          -58
      -4.3333
      0.88889
       3.4444
      -3.8889


loop_no =

     1

  Columns 1 through 13

            1           -3            0           -7           -8            0           -5           -1           -9            0            0            0            0
            0          -22           45          -36           14            0           11          -11            2           -3            1            0            0
            0      -2.6667       5.3333      -4.3333       1.6667            1       1.3333     -0.33333      0.66667     -0.33333            0            0            0
            0      -13.333       23.667      -20.667       8.3333            0       11.667      -2.6667       5.3333      -1.6667            0            1            0
            0      -4.3333       10.667      -7.6667       3.3333            0      -3.3333      -2.6667      -5.6667      0.33333            0            0            1

  Column 14

          -58
           13
       2.3333
       10.667
      -5.3333


loop_no =

     2

  Columns 1 through 13

            1       -1.375           -4       -4.125        -9.25            0        -3.75            0       -6.875       -0.125            0            0       -0.375
            0       -4.125            1       -4.375         0.25            0        24.75            0       25.375       -4.375            1            0       -4.125
            0       -2.125            4       -3.375         1.25            1         1.75            0        1.375       -0.375            0            0       -0.125
            0           -9           13          -13            5            0           15            0           11           -2            0            1           -1
            0        1.625           -4        2.875        -1.25            0         1.25            1        2.125       -0.125            0            0       -0.375

  Column 14

          -56
           35
            3
           16
            2


loop_no =

     3

Simplex calculations complete
   -56

     0
     0
     0
     0
     3
     0
     2
     0
     0
    35
    16
     0

