A: 
     7    -3     3    19    24   -11   -12
    -2     2    -1    -7    -9     8     1
     2    -1     1     6     7    -4    -3

b: 
    -3
     2
    -1

c: 
    -9
     2
    -4
   -26
   -28
     5
    20


pretableau =

     1     9    -2     4    26    28    -5   -20     0
     0     7    -3     3    19    24   -11   -12    -3
     0    -2     2    -1    -7    -9     8     1     2
     0     2    -1     1     6     7    -4    -3    -1

Pre-tableau complete

tableau =

            1            0            0            0            3            1            2           -1            2
            0            1            0            0            1            3            1           -3            0
            0            0            1            0           -1           -2            4           -2            1
            0            0            0            1            3           -1           -2            1            0

Initial tableau complete
Reduced costs complete

loop_no =

     1

            1            0            0           -1            0            2            4           -2            2
            0            1            0     -0.33333            0       3.3333       1.6667      -3.3333            0
            0            0            1      0.33333            0      -2.3333       3.3333      -1.6667            1
            0            0            0      0.33333            1     -0.33333     -0.66667      0.33333            0


loop_no =

     2

            1         -2.4            0         -0.2            0           -6            0            6            2
            0          0.6            0         -0.2            0            2            1           -2            0
            0           -2            1            1            0           -9            0            5            1
            0          0.4            0          0.2            1            1            0           -1            0


loop_no =

     3

            1   1.7764e-15         -1.2         -1.4            0          4.8            0            0          0.8
            0         -0.2          0.4          0.2            0         -1.6            1            0          0.4
            0         -0.4          0.2          0.2            0         -1.8            0            1          0.2
            0  -2.2204e-16          0.2          0.4            1         -0.8            0            0          0.2


loop_no =

     4

Program is unbounded
Simplex calculations complete
Optimal x
   NaN

Optimal OFV
   NaN

