     7    -3     3    19    24   -11   -12
    -2     2    -1    -7    -9     8     1
     2    -1     1     6     7    -4    -3

    -3
     2
    -1

    -9
     2
    -4
   -26
   -28
     5
    23

            1            0            0            0            3            1            2           -4            2
            0            1            0            0            1            3            1           -3            0
            0            0            1            0           -1           -2            4           -2            1
            0            0            0            1            3           -1           -2            1            0

     1

            1            0            3            0            0           -5           14          -10            5
            0            1            1            0            0            1            5           -5            1
            0            0           -1            0            1            2           -4            2           -1
            0            0            3            1            0           -7           10           -5            3

     2

            1         -2.8          0.2            0            0         -7.8            0            4          2.2
            0          0.2          0.2            0            0          0.2            1           -1          0.2
            0          0.8         -0.2            0            1          2.8            0           -2         -0.2
            0           -2            1            1            0           -9            0            5            1

     3

            1           -2            1            0            0           -7            4            0            3
            0         -0.2         -0.2            0            0         -0.2           -1            1         -0.2
            0          0.4         -0.6            0            1          2.4           -2            0         -0.6
            0           -1            2            1            0           -8            5            0            2

     4

            1         -1.2         -0.6         -0.8            0         -0.6            0            0          1.4
            0         -0.4          0.2          0.2            0         -1.8            0            1          0.2
            0  -5.5511e-17          0.2          0.4            1         -0.8            0            0          0.2
            0         -0.2          0.4          0.2            0         -1.6            1            0          0.4

     5

Optimal x
            0
            0
            0
          0.2
            0
          0.4
          0.2

Optimal OFV
          1.4

