         0.27         0.12        0.045            1            0            0            0
            1         0.75          0.2            0            1            0            0
            2           -1            0            0            0            1            0
            0            0            1            0            0            0            1

   100
   480
     0
   300

       -200.2
        -50.2
        -25.2
            0
            0
            0
            0

            1            0            0            0            0        200.2         50.2         25.2            0
            0            1            0            0            0         0.27         0.12        0.045          100
            0            0            1            0            0            1         0.75          0.2          480
            0            0            0            1            0            2           -1            0            0
            0            0            0            0            1            0            0            1          300

     1

            1      -741.48            0            0            0            0      -38.778      -8.1667       -74148
            0       3.7037            0            0            0            1      0.44444      0.16667       370.37
            0      -3.7037            1            0            0            0      0.30556     0.033333       109.63
            0            0            0            1            0            2           -1            0            0
            0            0            0            0            1            0            0            1          300

     2

Optimal x
            0
       109.63
            0
          300
            0
            0
            0

Optimal OFV
       -74148

         0.27         0.12        0.045            1            0            0            0
            1         0.75          0.2            0            1            0            0
            2           -1            0            0            0            1            0
            0            0            1            0            0            0            1

   100
   480
     0
   300

       -200.2
        -50.2
        -25.2
            0
            0
            0
            0

            1            0            0            0            0        200.2         50.2         25.2            0
            0            1            0            0            0         0.27         0.12        0.045          100
            0            0            1            0            0            1         0.75          0.2          480
            0            0            0            1            0            2           -1            0            0
            0            0            0            0            1            0            0            1          300

     1

            1      -741.48            0            0            0            0      -38.778      -8.1667       -74148
            0       3.7037            0            0            0            1      0.44444      0.16667       370.37
            0      -3.7037            1            0            0            0      0.30556     0.033333       109.63
            0            0            0            1            0            2           -1            0            0
            0            0            0            0            1            0            0            1          300

     2

Optimal x
            0
       109.63
            0
          300
            0
            0
            0

Optimal OFV
       -74148

