    18     7    13    -1    -1     0     0     0
     9    14     2    -1     0    -1     0     0
     2    19     1    -1     0     0    -1     0
     8     3    10    -1     0     0     0    -1
     1     1     1     0     0     0     0     0

     0
     0
     0
     0
     1

     0
     0
     0
    -1
     0
     0
     0
     0

            1            0            0            0            0            0            0            0            1            0
            0            1            0            0            0            0            1            1            0            1
            0            0            1            0            0            0           -5            6            1           13
            0            0            0            1            0            0           -7          -12            1            2
            0            0            0            0            1            0           -1          -18            1            1
            0            0            0            0            0            1            2            7            1           10

     1

            1            0            0            0           -1            0            1           18            0           -1
            0            1            0            0            0            0            1            1            0            1
            0            0            1            0           -1            0           -4           24            0           12
            0            0            0            1           -1            0           -6            6            0            1
            0            0            0            0            1            0           -1          -18            1            1
            0            0            0            0           -1            1            3           25            0            9

     2

            1            0            0            0            0            0            0            0            1            0
            0            1            0            0     0.055556            0      0.94444            0     0.055556       1.0556
            0            0            1            0      0.33333            0      -5.3333            0       1.3333       13.333
            0            0            0            1     -0.66667            0      -6.3333            0      0.33333       1.3333
            0            0            0            0    -0.055556            0     0.055556            1    -0.055556    -0.055556
            0            0            0            0      0.38889            1       1.6111            0       1.3889       10.389

     3

            1            0            0           -3            2            0           19            0            0           -4
            0            1            0     -0.16667      0.16667            0            2            0            0      0.83333
            0            0            1           -4            3            0           20            0            0            8
            0            0            0            3           -2            0          -19            0            1            4
            0            0            0      0.16667     -0.16667            0           -1            1            0      0.16667
            0            0            0      -4.1667       3.1667            1           28            0            0       4.8333

     4

            1            0            0            0            0            0            0            0            1            0
            0            1            0      0.14912     -0.04386            0            0            0      0.10526       1.2544
            0            0            1     -0.84211      0.89474            0            0            0       1.0526       12.211
            0            0            0     -0.15789      0.10526            0            1            0    -0.052632     -0.21053
            0            0            0    0.0087719    -0.061404            0            0            1    -0.052632     -0.04386
            0            0            0      0.25439       0.2193            1            0            0       1.4737       10.728

     5

            1            0            0     -0.17262     -0.14881     -0.67857            0            0            0      -7.2798
            0            1            0      0.13095    -0.059524    -0.071429            0            0            0       0.4881
            0            0            1      -1.0238       0.7381     -0.71429            0            0            0       4.5476
            0            0            0     -0.14881       0.1131     0.035714            1            0            0      0.17262
            0            0            0     0.017857    -0.053571     0.035714            0            1            0      0.33929
            0            0            0      0.17262      0.14881      0.67857            0            0            1       7.2798

     6

Optimal x
       0.4881
       4.5476
            0
            0
            0
      0.17262
      0.33929
       7.2798

Optimal OFV
      -7.2798

